Df: 2.2
kf: 1.93
n: 200
k: 1
a: 30

Rg: 247.312

X Y Z
0 0 0
12.8274 -34.8502 -47.1267
-46.8105 -31.0485 -41.7539
-27.9581 10.6757 -80.5312
-66.7918 13.4822 -6.85748
-33.9718 -71.4702 0.687248
-99.0873 -44.9985 -15.8206
8.64245 44.23 -39.6108
-50.4097 -95.2942 -51.8695
-113.733 -30.8809 -72.267
-27.6415 48.0116 23.0399
-123.935 30.1965 -14.2956
14.0233 -93.4664 -27.8197
-68.4866 48.8547 -102.888
-94.3038 -93.3611 19.3671
-112.059 63.8224 -62.5478
-127.54 19.3792 44.611
-42.763 -91.1761 56.6729
-42.1805 99.5311 -4.05914
19.8076 7.08968 -116.664
-38.6046 -131.227 -2.08651
-84.1232 -60.989 87.947
72.1993 -43.4721 -46.3243
42.2545 -105.095 23.8308
-132.847 -122.262 -16.3982
15.9074 70.2596 -93.1802
-95.8872 32.7599 93.7951
8.81492 -43.9218 -146.278
47.5766 -121.964 -68.5882
-158.804 -52.7635 -105.278
-94.0231 -126.603 69.316
-45.3896 -35.1231 125.771
-3.77171 -165.778 32.4511
-37.4209 -131.119 101.125
96.9783 -97.2514 -36.6402
0.973965 -93.0914 127.196
-56.5809 -185.063 53.4101
-48.6886 101.114 -81.0463
-184.606 27.1299 27.777
120.195 -56.0204 0.251224
41.1927 -94.4234 -145.155
-144.255 -110.631 97.9799
33.8107 -150.115 -119.755
-143.898 -159.077 61.705
123.049 -15.4723 -61.5015
-166.365 16.5966 90.2712
55.4149 -181.349 -72.0446
-142.557 69.753 75.8629
15.2491 -190.114 83.8901
-7.32352 -109.105 -177.258
-25.8346 -41.9269 -195.221
-87.1598 -53.1427 164.893
-58.4435 63.8687 -160.104
-93.3463 94.0335 100.127
113.974 -154.655 -32.6389
93.9228 -119.874 -132.047
-4.2377 87.5355 -150.024
148.966 -90.4002 -65.8006
-17.1942 150.255 -24.1292
72.6726 -211.816 -23.3215
-155.499 89.6521 -94.8876
-101.896 -197.118 90.8432
-48.1175 11.2931 -211.686
-132.227 30.7831 141.497
-36.0894 -178.785 137.542
-26.2926 -232.407 74.6366
54.0393 105.289 -123.494
-136.13 -218.78 46.5851
-204.881 -36.7066 -140.193
24.4383 -193.146 -160.503
40.1633 147.839 -41.5728
41.6499 -238.066 -85.963
-64.2391 158.113 -70.5955
-38.5481 -116.379 -227.974
-119.3 126.331 -125.618
83.9203 137.699 -1.79187
-79.019 -157.115 -210.577
0.724748 -100.07 186.788
-50.3267 135.206 107.486
85.6304 -227.037 33.2509
-46.3873 -34.4305 204.736
-201.635 -174.441 67.2197
-159.906 -194.605 107.328
-225.656 16.2933 99.4645
47.3913 -206.395 131.867
-71.3185 -234.735 126.198
24.0677 156.355 -98.7428
149.116 -180.87 -73.6004
196.326 -98.6814 -29.9054
14.8361 -143.761 -228.549
-36.1225 172.936 63.0484
-176.741 119.062 76.203
-61.7172 78.1932 -218.277
12.3962 186.428 30.4311
-95.1773 -79.8019 218.044
130.553 -226.387 -29.4513
-16.6356 13.6725 224.76
-41.3209 200.845 -2.71683
-258.829 -33.2227 92.5589
68.1712 -270.185 -36.4654
-212.647 107.864 -96.4248
-212.101 64.5297 132.472
-16.1535 172.462 -140.25
-37.978 -188.66 196.694
-2.8268 84.0318 -228.168
-231.67 -152.518 114.307
44.6991 183.496 80.9081
-84.1019 -92.1622 -258.608
-14.9105 -63.7302 246.578
-77.1844 132.954 -199.249
66.1541 192.521 -72.0349
78.1485 168.98 -125.904
1.94485 -284.857 67.4476
-260.394 63.6983 87.3802
-67.6992 39.815 -264.008
-55.0667 -117.897 241.281
-117.223 76.0559 -240.961
9.63607 228.681 -17.8344
230.771 -54.4442 -8.53667
-90.6206 -168.407 217.153
10.2715 -206.848 -217.174
-255.12 -1.78901 148.504
16.9329 215.605 -104.945
10.2635 -241.069 163.793
-28.2841 233.922 -70.018
57.3239 -261.171 -139.071
233.943 -51.9606 51.3279
-259.054 -188.172 56.5202
-187.464 176.178 91.1266
-183.802 -249.182 100.228
-166.064 -225.017 158.682
-211.206 65.2545 192.461
54.1746 228.786 22.6643
-84.0077 -226.912 200.943
23.6199 -315.052 20.3471
5.23132 236.491 62.7165
-138.646 -203.551 209.508
-216.545 187.297 39.8365
-189.38 -171.551 208.059
-75.8845 -82.5315 285.052
-104.809 -136.208 269.395
-41.3263 253.396 26.2391
-36.4923 -167.141 -259.895
188.616 -214.79 -39.1533
-162.756 -128.69 255.771
-135.364 -122.329 -266.491
-20.0856 -152.388 275.728
-264.285 -208.634 112.68
-28.5898 -265.256 202.592
234.933 -127.505 -65.6641
182.127 -201.85 -119.098
-313.35 -172.271 36.5412
-318.649 49.378 86.2365
33.89 131.449 -230.029
-17.4057 182.378 -199.411
54.7696 172.607 -191.687
-46.7549 96.4837 -273.428
-166.588 53.8885 -266.877
14.7489 -299.739 152.056
243.783 -57.5131 110.255
53.5069 -162.257 -270.53
-7.80018 -57.2509 305.802
96.3767 236.942 -19.1984
268.423 -32.8366 -49.9542
77.7675 -329.362 -38.9137
-121.345 -273.439 194.523
113.38 -282.553 -139.79
70.5792 -214.11 -245.634
-279.782 -243.62 46.7294
164.784 -223.303 -172.38
-215.758 72.617 -238.04
-192.49 231.932 7.75783
-308.576 -219.176 -0.56774
-3.42832 67.1138 -302.757
-81.1295 144.483 -262.728
-59.1584 -309.73 176.37
51.3629 -317.74 -158.16
33.3741 242.976 115.309
189.415 -258.229 -99.9079
157.106 -300.679 -72.4459
-66.7082 276.164 -23.1305
274.675 -47.209 -107.871
50.8794 227.194 -167.089
-271.187 63.8021 192.876
-136.098 121.319 -275.53
73.5023 -304.026 163.443
-163.615 12.1862 -309.913
293.562 -11.6074 0.218872
-47.6647 274.98 81.8625
1.90188 273.583 -108.5
261.101 -50.7644 -166.207
211.612 -270.099 -35.6715
241.218 -210.68 -113.59
-268.453 86.55 -212.958
-9.53411 -349.576 129.107
6.01724 290.106 22.9334
60.4524 139.278 -283.257
273.938 -11.4576 134.12
294.633 -133.5 -65.7784
114.328 -336.73 -114.023
